 >>> Metrics List /Users/emad/Documents/MSED_Workspace/proguard-code/src/proguard/ant
 TLOC => [  111.00  125.00   60.00  188.00   39.00   44.00  107.00  178.00 ]
  ACD => [    0.00    0.00    0.00    0.00    0.00    0.00    0.00    0.00 ]
  NOT => [    1.00    1.00    1.00    1.00    1.00    1.00    1.00    1.00 ]
  NOI => [    0.00    0.00    0.00    0.00    0.00    0.00    0.00    0.00 ]
 NOCU => [    8.00 ]
 >>> Aggregated List /Users/emad/Documents/MSED_Workspace/proguard-code/src/proguard/ant
 NORM => [    0.00    0.00    0.00    8.00 ]
 CLOC => [  806.00  183.00  100.75    8.00 ]
  NOF => [   27.00    9.00    3.38    8.00 ]
  PAR => [  135.00    4.00    1.17  115.00 ]
 FOUT => [  230.00   27.00    2.00  115.00 ]
 MLOC => [  390.00   38.00    3.39  115.00 ]
  NSM => [    0.00    0.00    0.00    8.00 ]
  NBD => [  157.00    5.00    1.37  115.00 ]
  NOM => [  114.00   38.00   14.25    8.00 ]
  WMC => [  226.00   56.00   28.25    8.00 ]
  NSF => [    1.00    1.00    0.13    8.00 ]
   VG => [  226.00   23.00    1.97  115.00 ]

 >>> Metrics List /Users/emad/Documents/MSED_Workspace/proguard-code/src/proguard
 TLOC => [   50.00   48.00   79.00   46.00  245.00  173.00  267.00  273.00  111.00   93.00  620.00  357.00   76.00   69.00   70.00   26.00   23.00  113.00   32.00   32.00   32.00   32.00  110.00  269.00   85.00   43.00   97.00   55.00   32.00   65.00   94.00   29.00  326.00   40.00   26.00   47.00  140.00  206.00 ]
  ACD => [    0.00    0.00    0.00    0.00    0.00    0.00    0.00    0.00    0.00    0.00    0.00    0.00    0.00    0.00    0.00    0.00    0.00    0.00    0.00    0.00    0.00    0.00    0.00    0.00    0.00    0.00    0.00    0.00    0.00    0.00    0.00    0.00    0.00    0.00    0.00    0.00    0.00    0.00 ]
  NOT => [    1.00    1.00    1.00    1.00    1.00    1.00    1.00    1.00    1.00    1.00    1.00    1.00    1.00    1.00    1.00    1.00    1.00    1.00    1.00    1.00    1.00    1.00    1.00    1.00    1.00    1.00    1.00    1.00    1.00    1.00    1.00    1.00    1.00    1.00    1.00    1.00    2.00    1.00 ]
  NOI => [    0.00    0.00    0.00    0.00    0.00    0.00    0.00    0.00    0.00    0.00    0.00    0.00    0.00    0.00    0.00    0.00    0.00    0.00    0.00    0.00    0.00    0.00    0.00    0.00    0.00    0.00    0.00    0.00    0.00    0.00    0.00    0.00    0.00    0.00    0.00    0.00    0.00    0.00 ]
 NOCU => [   38.00 ]
 >>> Aggregated List /Users/emad/Documents/MSED_Workspace/proguard-code/src/proguard
 NORM => [    0.00    0.00    0.00   39.00 ]
 CLOC => [ 4457.00  613.00  114.28   39.00 ]
  NOF => [  216.00   84.00    5.54   39.00 ]
  PAR => [  349.00   10.00    1.30  269.00 ]
 FOUT => [ 1373.00  118.00    5.10  269.00 ]
 MLOC => [ 2040.00  184.00    7.58  269.00 ]
  NSM => [   31.00   11.00    0.79   39.00 ]
  NBD => [  515.00    9.00    1.91  269.00 ]
  NOM => [  223.00   31.00    5.72   39.00 ]
  WMC => [ 1046.00  235.00   26.82   39.00 ]
  NSF => [   89.00   84.00    2.28   39.00 ]
   VG => [ 1046.00   58.00    3.89  269.00 ]

 >>> Metrics List /Users/emad/Documents/MSED_Workspace/proguard-code/src/proguard/classfile/attribute/annotation
 TLOC => [   85.00   35.00   36.00   59.00   40.00   57.00   33.00   77.00   81.00   41.00   31.00   25.00   35.00   31.00   25.00   35.00   85.00   49.00   23.00 ]
  ACD => [    0.00    0.00    0.00    0.00    0.00    0.00    0.00    0.00    0.00    0.00    0.00    0.00    0.00    0.00    0.00    0.00    0.00    0.00    0.00 ]
  NOT => [    1.00    1.00    1.00    1.00    1.00    1.00    1.00    1.00    1.00    1.00    1.00    1.00    1.00    1.00    1.00    1.00    1.00    1.00    1.00 ]
  NOI => [    0.00    0.00    0.00    0.00    0.00    0.00    0.00    0.00    0.00    0.00    0.00    0.00    0.00    0.00    0.00    0.00    0.00    0.00    0.00 ]
 NOCU => [   19.00 ]
 >>> Aggregated List /Users/emad/Documents/MSED_Workspace/proguard-code/src/proguard/classfile/attribute/annotation
 NORM => [    0.00    0.00    0.00   19.00 ]
 CLOC => [  815.00   81.00   42.89   19.00 ]
  NOF => [   30.00    5.00    1.58   19.00 ]
  PAR => [  194.00    5.00    1.90  102.00 ]
 FOUT => [   53.00    1.00    0.52  102.00 ]
 MLOC => [  166.00    8.00    1.63  102.00 ]
  NSM => [    0.00    0.00    0.00   19.00 ]
  NBD => [  128.00    4.00    1.25  102.00 ]
  NOM => [   64.00    8.00    3.37   19.00 ]
  WMC => [  128.00   14.00    6.74   19.00 ]
  NSF => [    0.00    0.00    0.00   19.00 ]
   VG => [  128.00    4.00    1.25  102.00 ]

 >>> Metrics List /Users/emad/Documents/MSED_Workspace/proguard-code/src/proguard/classfile/attribute/annotation/target
 TLOC => [   41.00   35.00   40.00   25.00   51.00   41.00   34.00   55.00   40.00   43.00   42.00   38.00 ]
  ACD => [    0.00    0.00    0.00    0.00    0.00    0.00    0.00    0.00    0.00    0.00    0.00    0.00 ]
  NOT => [    1.00    1.00    1.00    1.00    1.00    1.00    1.00    1.00    1.00    1.00    1.00    1.00 ]
  NOI => [    0.00    0.00    0.00    0.00    0.00    0.00    0.00    0.00    0.00    0.00    0.00    0.00 ]
 NOCU => [   12.00 ]
 >>> Aggregated List /Users/emad/Documents/MSED_Workspace/proguard-code/src/proguard/classfile/attribute/annotation/target
 NORM => [    0.00    0.00    0.00   12.00 ]
 CLOC => [  434.00   50.00   36.17   12.00 ]
  NOF => [   16.00    3.00    1.33   12.00 ]
  PAR => [  134.00    5.00    2.23   60.00 ]
 FOUT => [   26.00    1.00    0.43   60.00 ]
 MLOC => [   64.00    3.00    1.07   60.00 ]
  NSM => [    0.00    0.00    0.00   12.00 ]
  NBD => [   61.00    2.00    1.02   60.00 ]
  NOM => [   27.00    5.00    2.25   12.00 ]
  WMC => [   61.00    7.00    5.08   12.00 ]
  NSF => [    0.00    0.00    0.00   12.00 ]
   VG => [   61.00    2.00    1.02   60.00 ]

 >>> Metrics List /Users/emad/Documents/MSED_Workspace/proguard-code/src/proguard/classfile/attribute/annotation/target/visitor
 TLOC => [   16.00   29.00 ]
  ACD => [    0.00    0.00 ]
  NOT => [    0.00    0.00 ]
  NOI => [    1.00    1.00 ]
 NOCU => [    2.00 ]
 >>> Aggregated List /Users/emad/Documents/MSED_Workspace/proguard-code/src/proguard/classfile/attribute/annotation/target/visitor
 NORM => [    0.00    0.00    0.00    2.00 ]
 CLOC => [   35.00   24.00   17.50    2.00 ]
  NOF => [    0.00    0.00    0.00    2.00 ]
  PAR => [   63.00    6.00    4.20   15.00 ]
 FOUT => [    0.00    0.00    0.00   15.00 ]
 MLOC => [    0.00    0.00    0.00   15.00 ]
  NSM => [    0.00    0.00    0.00    2.00 ]
  NBD => [    0.00    0.00    0.00   15.00 ]
  NOM => [   15.00   14.00    7.50    2.00 ]
  WMC => [    0.00    0.00    0.00    2.00 ]
  NSF => [    0.00    0.00    0.00    2.00 ]
   VG => [    0.00    0.00    0.00   15.00 ]

 >>> Metrics List /Users/emad/Documents/MSED_Workspace/proguard-code/src/proguard/classfile/attribute/annotation/visitor
 TLOC => [   71.00  102.00   26.00   26.00   56.00   21.00   18.00   20.00   20.00 ]
  ACD => [    0.00    0.00    0.00    0.00    0.00    0.00    0.00    0.00    0.00 ]
  NOT => [    1.00    1.00    1.00    1.00    1.00    0.00    0.00    0.00    0.00 ]
  NOI => [    0.00    0.00    0.00    0.00    0.00    1.00    1.00    1.00    1.00 ]
 NOCU => [    9.00 ]
 >>> Aggregated List /Users/emad/Documents/MSED_Workspace/proguard-code/src/proguard/classfile/attribute/annotation/visitor
 NORM => [    0.00    0.00    0.00    9.00 ]
 CLOC => [  318.00   96.00   35.33    9.00 ]
  NOF => [    9.00    2.00    1.00    9.00 ]
  PAR => [  189.00    5.00    2.82   67.00 ]
 FOUT => [   56.00    3.00    0.84   67.00 ]
 MLOC => [   71.00    4.00    1.06   67.00 ]
  NSM => [    0.00    0.00    0.00    9.00 ]
  NBD => [   58.00    2.00    0.87   67.00 ]
  NOM => [   61.00   19.00    6.78    9.00 ]
  WMC => [   58.00   23.00    6.44    9.00 ]
  NSF => [    0.00    0.00    0.00    9.00 ]
   VG => [   58.00    2.00    0.87   67.00 ]

 >>> Metrics List /Users/emad/Documents/MSED_Workspace/proguard-code/src/proguard/classfile/attribute
 TLOC => [   79.00   46.00   45.00  126.00   27.00   31.00   78.00   54.00   39.00   27.00   37.00   73.00   33.00  102.00   72.00   37.00   78.00   37.00   37.00   41.00   62.00   27.00   27.00   31.00   41.00 ]
  ACD => [    0.00    0.00    0.00    0.00    0.00    0.00    0.00    0.00    0.00    0.00    0.00    0.00    0.00    0.00    0.00    0.00    0.00    0.00    0.00    0.00    0.00    0.00    0.00    0.00    0.00 ]
  NOT => [    1.00    1.00    1.00    1.00    1.00    1.00    1.00    1.00    1.00    1.00    1.00    1.00    1.00    1.00    1.00    1.00    1.00    1.00    1.00    1.00    1.00    1.00    1.00    1.00    1.00 ]
  NOI => [    0.00    0.00    0.00    0.00    0.00    0.00    0.00    0.00    0.00    0.00    0.00    0.00    0.00    0.00    0.00    0.00    0.00    0.00    0.00    0.00    0.00    0.00    0.00    0.00    0.00 ]
 NOCU => [   25.00 ]
 >>> Aggregated List /Users/emad/Documents/MSED_Workspace/proguard-code/src/proguard/classfile/attribute
 NORM => [    0.00    0.00    0.00   25.00 ]
 CLOC => [ 1213.00  121.00   48.52   25.00 ]
  NOF => [   69.00    8.00    2.76   25.00 ]
  PAR => [  247.00    9.00    1.76  140.00 ]
 FOUT => [   82.00    3.00    0.59  140.00 ]
 MLOC => [  274.00   11.00    1.96  140.00 ]
  NSM => [    0.00    0.00    0.00   25.00 ]
  NBD => [  180.00    4.00    1.29  140.00 ]
  NOM => [   92.00    9.00    3.68   25.00 ]
  WMC => [  204.00   22.00    8.16   25.00 ]
  NSF => [    0.00    0.00    0.00   25.00 ]
   VG => [  204.00   11.00    1.46  140.00 ]

 >>> Metrics List /Users/emad/Documents/MSED_Workspace/proguard-code/src/proguard/classfile/attribute/preverification
 TLOC => [   28.00   28.00  106.00   28.00   49.00   28.00   85.00   28.00   50.00   58.00   33.00   45.00   61.00   47.00   28.00   28.00   50.00   58.00   71.00 ]
  ACD => [    0.00    0.00    0.00    0.00    0.00    0.00    0.00    0.00    0.00    0.00    0.00    0.00    0.00    0.00    0.00    0.00    0.00    0.00    0.00 ]
  NOT => [    1.00    1.00    1.00    1.00    1.00    1.00    1.00    1.00    1.00    1.00    1.00    1.00    1.00    1.00    1.00    1.00    1.00    1.00    1.00 ]
  NOI => [    0.00    0.00    0.00    0.00    0.00    0.00    0.00    0.00    0.00    0.00    0.00    0.00    0.00    0.00    0.00    0.00    0.00    0.00    0.00 ]
 NOCU => [   19.00 ]
 >>> Aggregated List /Users/emad/Documents/MSED_Workspace/proguard-code/src/proguard/classfile/attribute/preverification
 NORM => [    0.00    0.00    0.00   19.00 ]
 CLOC => [  834.00  102.00   43.89   19.00 ]
  NOF => [   40.00   10.00    2.11   19.00 ]
  PAR => [  273.00    6.00    2.10  130.00 ]
 FOUT => [   94.00   12.00    0.72  130.00 ]
 MLOC => [  215.00   22.00    1.65  130.00 ]
  NSM => [    9.00    9.00    0.47   19.00 ]
  NBD => [  142.00    3.00    1.09  130.00 ]
  NOM => [  105.00    9.00    5.53   19.00 ]
  WMC => [  157.00   24.00    8.26   19.00 ]
  NSF => [   23.00    9.00    1.21   19.00 ]
   VG => [  157.00    9.00    1.21  130.00 ]

 >>> Metrics List /Users/emad/Documents/MSED_Workspace/proguard-code/src/proguard/classfile/attribute/preverification/visitor
 TLOC => [   19.00   43.00 ]
  ACD => [    0.00    0.00 ]
  NOT => [    0.00    0.00 ]
  NOI => [    1.00    1.00 ]
 NOCU => [    2.00 ]
 >>> Aggregated List /Users/emad/Documents/MSED_Workspace/proguard-code/src/proguard/classfile/attribute/preverification/visitor
 NORM => [    0.00    0.00    0.00    2.00 ]
 CLOC => [   54.00   39.00   27.00    2.00 ]
  NOF => [    0.00    0.00    0.00    2.00 ]
  PAR => [  178.00    6.00    5.56   32.00 ]
 FOUT => [    0.00    0.00    0.00   32.00 ]
 MLOC => [    0.00    0.00    0.00   32.00 ]
  NSM => [    0.00    0.00    0.00    2.00 ]
  NBD => [    0.00    0.00    0.00   32.00 ]
  NOM => [   32.00   27.00   16.00    2.00 ]
  WMC => [    0.00    0.00    0.00    2.00 ]
  NSF => [    0.00    0.00    0.00    2.00 ]
   VG => [    0.00    0.00    0.00   32.00 ]

 >>> Metrics List /Users/emad/Documents/MSED_Workspace/proguard-code/src/proguard/classfile/attribute/visitor
 TLOC => [   62.00   22.00   22.00   22.00   22.00  258.00   56.00   16.00   16.00   16.00   16.00   43.00   16.00   16.00  238.00  197.00   16.00  247.00  161.00 ]
  ACD => [    0.00    0.00    0.00    0.00    0.00    0.00    0.00    0.00    0.00    0.00    0.00    0.00    0.00    0.00    0.00    0.00    0.00    0.00    0.00 ]
  NOT => [    1.00    1.00    1.00    1.00    1.00    1.00    0.00    0.00    0.00    0.00    0.00    1.00    0.00    0.00    1.00    1.00    0.00    1.00    1.00 ]
  NOI => [    0.00    0.00    0.00    0.00    0.00    0.00    1.00    1.00    1.00    1.00    1.00    0.00    1.00    1.00    0.00    0.00    1.00    0.00    0.00 ]
 NOCU => [   19.00 ]
 >>> Aggregated List /Users/emad/Documents/MSED_Workspace/proguard-code/src/proguard/classfile/attribute/visitor
 NORM => [    0.00    0.00    0.00   19.00 ]
 CLOC => [ 1381.00  251.00   72.68   19.00 ]
  NOF => [   21.00    6.00    1.11   19.00 ]
  PAR => [  707.00    5.00    2.72  260.00 ]
 FOUT => [  265.00   16.00    1.02  260.00 ]
 MLOC => [  609.00   40.00    2.34  260.00 ]
  NSM => [    0.00    0.00    0.00   19.00 ]
  NBD => [  374.00    4.00    1.44  260.00 ]
  NOM => [  246.00   43.00   12.95   19.00 ]
  WMC => [  394.00   87.00   20.74   19.00 ]
  NSF => [    1.00    1.00    0.05   19.00 ]
   VG => [  394.00   11.00    1.52  260.00 ]

 >>> Metrics List /Users/emad/Documents/MSED_Workspace/proguard-code/src/proguard/classfile
 TLOC => [  272.00   99.00  217.00    9.00   60.00  295.00   36.00   52.00   42.00   31.00    9.00  317.00   44.00   75.00   50.00   22.00 ]
  ACD => [    0.00    0.00    0.00    0.00    0.00    0.00    0.00    0.00    0.00    0.00    0.00    0.00    0.00    0.00    0.00    0.00 ]
  NOT => [    1.00    1.00    0.00    0.00    0.00    1.00    1.00    1.00    1.00    0.00    0.00    1.00    1.00    1.00    1.00    0.00 ]
  NOI => [    0.00    0.00    1.00    1.00    1.00    0.00    0.00    0.00    0.00    1.00    1.00    0.00    0.00    0.00    0.00    1.00 ]
 NOCU => [   16.00 ]
 >>> Aggregated List /Users/emad/Documents/MSED_Workspace/proguard-code/src/proguard/classfile
 NORM => [    0.00    0.00    0.00   16.00 ]
 CLOC => [ 1586.00  310.00   99.13   16.00 ]
  NOF => [  356.00  263.00   22.25   16.00 ]
  PAR => [  215.00    6.00    1.18  182.00 ]
 FOUT => [  162.00    8.00    0.89  182.00 ]
 MLOC => [  421.00   31.00    2.31  182.00 ]
  NSM => [    0.00    0.00    0.00   16.00 ]
  NBD => [  213.00    5.00    1.17  182.00 ]
  NOM => [  168.00   44.00   10.50   16.00 ]
  WMC => [  261.00  102.00   16.31   16.00 ]
  NSF => [  314.00  263.00   19.63   16.00 ]
   VG => [  261.00   13.00    1.43  182.00 ]

 >>> Metrics List /Users/emad/Documents/MSED_Workspace/proguard-code/src/proguard/classfile/constant
 TLOC => [   60.00   32.00   45.00   35.00   41.00   41.00   35.00   92.00   41.00   83.00   35.00   71.00   70.00   81.00   87.00  151.00 ]
  ACD => [    0.00    0.00    0.00    0.00    0.00    0.00    0.00    0.00    0.00    0.00    0.00    0.00    0.00    0.00    0.00    0.00 ]
  NOT => [    1.00    1.00    1.00    1.00    1.00    1.00    1.00    1.00    1.00    1.00    1.00    1.00    1.00    1.00    1.00    1.00 ]
  NOI => [    0.00    0.00    0.00    0.00    0.00    0.00    0.00    0.00    0.00    0.00    0.00    0.00    0.00    0.00    0.00    0.00 ]
 NOCU => [   16.00 ]
 >>> Aggregated List /Users/emad/Documents/MSED_Workspace/proguard-code/src/proguard/classfile/constant
 NORM => [    0.00    0.00    0.00   16.00 ]
 CLOC => [  947.00  147.00   59.19   16.00 ]
  NOF => [   44.00   17.00    2.75   16.00 ]
  PAR => [   94.00    4.00    0.85  110.00 ]
 FOUT => [   45.00    3.00    0.41  110.00 ]
 MLOC => [  185.00   25.00    1.68  110.00 ]
  NSM => [    0.00    0.00    0.00   16.00 ]
  NBD => [  127.00    4.00    1.15  110.00 ]
  NOM => [   81.00   10.00    5.06   16.00 ]
  WMC => [  155.00   47.00    9.69   16.00 ]
  NSF => [   15.00   15.00    0.94   16.00 ]
   VG => [  155.00   19.00    1.41  110.00 ]

 >>> Metrics List /Users/emad/Documents/MSED_Workspace/proguard-code/src/proguard/classfile/constant/visitor
 TLOC => [   21.00   25.00   39.00   49.00   27.00   30.00   25.00 ]
  ACD => [    0.00    0.00    0.00    0.00    0.00    0.00    0.00 ]
  NOT => [    1.00    1.00    1.00    1.00    0.00    1.00    1.00 ]
  NOI => [    0.00    0.00    0.00    0.00    1.00    0.00    0.00 ]
 NOCU => [    7.00 ]
 >>> Aggregated List /Users/emad/Documents/MSED_Workspace/proguard-code/src/proguard/classfile/constant/visitor
 NORM => [    0.00    0.00    0.00    7.00 ]
 CLOC => [  188.00   45.00   26.86    7.00 ]
  NOF => [    9.00    2.00    1.29    7.00 ]
  PAR => [   60.00    2.00    1.82   33.00 ]
 FOUT => [   11.00    3.00    0.33   33.00 ]
 MLOC => [   27.00    6.00    0.82   33.00 ]
  NSM => [    0.00    0.00    0.00    7.00 ]
  NBD => [   22.00    2.00    0.67   33.00 ]
  NOM => [   26.00   14.00    3.71    7.00 ]
  WMC => [   24.00    7.00    3.43    7.00 ]
  NSF => [    0.00    0.00    0.00    7.00 ]
   VG => [   24.00    3.00    0.73   33.00 ]

 >>> Metrics List /Users/emad/Documents/MSED_Workspace/proguard-code/src/proguard/classfile/editor
 TLOC => [   83.00   70.00   32.00  167.00  148.00   35.00   37.00   47.00   40.00   28.00   56.00  140.00   21.00   25.00  266.00  548.00  655.00   27.00  135.00  109.00  425.00  286.00  282.00   58.00   89.00  115.00   29.00   27.00   33.00   33.00   32.00  164.00   27.00  101.00   59.00  113.00   32.00   32.00   31.00   25.00   26.00   25.00   27.00   93.00  203.00  100.00   92.00   34.00   26.00   24.00   21.00   25.00   26.00  224.00  122.00   65.00   94.00   44.00 ]
  ACD => [    0.00    0.00    0.00    0.00    0.00    0.00    0.00    0.00    0.00    0.00    0.00    0.00    0.00    0.00    0.00    0.00    0.00    0.00    0.00    0.00    0.00    0.00    0.00    0.00    0.00    0.00    0.00    0.00    0.00    0.00    0.00    0.00    0.00    0.00    0.00    0.00    0.00    0.00    0.00    0.00    0.00    0.00    0.00    0.00    0.00    0.00    0.00    0.00    0.00    0.00    0.00    0.00    0.00    0.00    0.00    0.00    0.00    0.00 ]
  NOT => [    2.00    1.00    1.00    1.00    1.00    1.00    1.00    1.00    1.00    1.00    1.00    1.00    1.00    1.00    1.00    1.00    2.00    1.00    1.00    1.00    1.00    1.00    1.00    1.00    1.00    1.00    1.00    1.00    1.00    1.00    1.00    1.00    1.00    1.00    1.00    1.00    1.00    1.00    1.00    1.00    1.00    1.00    1.00    1.00    1.00    1.00    1.00    1.00    1.00    1.00    1.00    1.00    1.00    1.00    1.00    1.00    1.00    1.00 ]
  NOI => [    0.00    0.00    0.00    0.00    0.00    0.00    0.00    0.00    0.00    0.00    0.00    0.00    0.00    0.00    0.00    0.00    0.00    0.00    0.00    0.00    0.00    0.00    0.00    0.00    0.00    0.00    0.00    0.00    0.00    0.00    0.00    0.00    0.00    0.00    0.00    0.00    0.00    0.00    0.00    0.00    0.00    0.00    0.00    0.00    0.00    0.00    0.00    0.00    0.00    0.00    0.00    0.00    0.00    0.00    0.00    0.00    0.00    0.00 ]
 NOCU => [   58.00 ]
 >>> Aggregated List /Users/emad/Documents/MSED_Workspace/proguard-code/src/proguard/classfile/editor
 NORM => [    0.00    0.00    0.00   60.00 ]
 CLOC => [ 5665.00  640.00   94.42   60.00 ]
  NOF => [  176.00   22.00    2.93   60.00 ]
  PAR => [ 1595.00    6.00    2.50  637.00 ]
 FOUT => [ 1454.00   32.00    2.28  637.00 ]
 MLOC => [ 2673.00   72.00    4.20  637.00 ]
  NSM => [    4.00    3.00    0.07   60.00 ]
  NBD => [  941.00    6.00    1.48  637.00 ]
  NOM => [  587.00   65.00    9.78   60.00 ]
  WMC => [ 1209.00  125.00   20.15   60.00 ]
  NSF => [   27.00    5.00    0.45   60.00 ]
   VG => [ 1209.00   22.00    1.90  637.00 ]

 >>> Metrics List /Users/emad/Documents/MSED_Workspace/proguard-code/src/proguard/classfile/instruction
 TLOC => [   95.00  186.00  218.00  220.00  243.00   52.00   79.00  167.00   42.00   82.00  265.00 ]
  ACD => [    0.00    0.00    0.00    0.00    0.00    0.00    0.00    0.00    0.00    0.00    0.00 ]
  NOT => [    1.00    1.00    1.00    0.00    1.00    1.00    1.00    1.00    1.00    1.00    1.00 ]
  NOI => [    0.00    0.00    0.00    1.00    0.00    0.00    0.00    0.00    0.00    0.00    0.00 ]
 NOCU => [   11.00 ]
 >>> Aggregated List /Users/emad/Documents/MSED_Workspace/proguard-code/src/proguard/classfile/instruction
 NORM => [    0.00    0.00    0.00   11.00 ]
 CLOC => [ 1613.00  261.00  146.64   11.00 ]
  NOF => [  230.00  211.00   20.91   11.00 ]
  PAR => [  189.00    5.00    1.45  130.00 ]
 FOUT => [  119.00    8.00    0.92  130.00 ]
 MLOC => [  819.00  228.00    6.30  130.00 ]
  NSM => [   18.00   14.00    1.64   11.00 ]
  NBD => [  160.00    3.00    1.23  130.00 ]
  NOM => [  111.00   29.00   10.09   11.00 ]
  WMC => [  220.00   52.00   20.00   11.00 ]
  NSF => [  215.00  211.00   19.55   11.00 ]
   VG => [  220.00    7.00    1.69  130.00 ]

 >>> Metrics List /Users/emad/Documents/MSED_Workspace/proguard-code/src/proguard/classfile/instruction/visitor
 TLOC => [   23.00   29.00   23.00   20.00   65.00 ]
  ACD => [    0.00    0.00    0.00    0.00    0.00 ]
  NOT => [    1.00    1.00    1.00    0.00    1.00 ]
  NOI => [    0.00    0.00    0.00    1.00    0.00 ]
 NOCU => [    5.00 ]
 >>> Aggregated List /Users/emad/Documents/MSED_Workspace/proguard-code/src/proguard/classfile/instruction/visitor
 NORM => [    0.00    0.00    0.00    5.00 ]
 CLOC => [  136.00   61.00   27.20    5.00 ]
  NOF => [    6.00    3.00    1.20    5.00 ]
  PAR => [   84.00    5.00    3.50   24.00 ]
 FOUT => [   10.00    1.00    0.42   24.00 ]
 MLOC => [   35.00    7.00    1.46   24.00 ]
  NSM => [    0.00    0.00    0.00    5.00 ]
  NBD => [   25.00    2.00    1.04   24.00 ]
  NOM => [   20.00    8.00    4.00    5.00 ]
  WMC => [   26.00   18.00    5.20    5.00 ]
  NSF => [    1.00    1.00    0.20    5.00 ]
   VG => [   26.00    3.00    1.08   24.00 ]

 >>> Metrics List /Users/emad/Documents/MSED_Workspace/proguard-code/src/proguard/classfile/io
 TLOC => [  210.00  644.00  394.00  120.00  113.00 ]
  ACD => [    0.00    0.00    0.00    0.00    0.00 ]
  NOT => [    1.00    1.00    6.00    1.00    1.00 ]
  NOI => [    0.00    0.00    0.00    0.00    0.00 ]
 NOCU => [    5.00 ]
 >>> Aggregated List /Users/emad/Documents/MSED_Workspace/proguard-code/src/proguard/classfile/io
 NORM => [    0.00    0.00    0.00   10.00 ]
 CLOC => [ 1745.00  629.00  174.50   10.00 ]
  NOF => [   15.00    6.00    1.50   10.00 ]
  PAR => [  528.00    6.00    2.49  212.00 ]
 FOUT => [  505.00   31.00    2.38  212.00 ]
 MLOC => [  927.00   66.00    4.37  212.00 ]
  NSM => [    0.00    0.00    0.00   10.00 ]
  NBD => [  284.00    3.00    1.34  212.00 ]
  NOM => [  207.00   79.00   20.70   10.00 ]
  WMC => [  337.00  149.00   33.70   10.00 ]
  NSF => [    2.00    2.00    0.20   10.00 ]
   VG => [  337.00   25.00    1.59  212.00 ]

 >>> Metrics List /Users/emad/Documents/MSED_Workspace/proguard-code/src/proguard/classfile/util
 TLOC => [   69.00  130.00  259.00   32.00   80.00  908.00  157.00  178.00  248.00   71.00   51.00  341.00  158.00   90.00   74.00  589.00   44.00   82.00   82.00 ]
  ACD => [    0.00    0.00    0.00    0.00    0.00    0.00    0.00    0.00    0.00    0.00    0.00    0.00    0.00    0.00    0.00    0.00    0.00    0.00    0.00 ]
  NOT => [    1.00    1.00    1.00    1.00    1.00    1.00    1.00    1.00    1.00    1.00    1.00    1.00    1.00    2.00    1.00    1.00    1.00    1.00    1.00 ]
  NOI => [    0.00    0.00    0.00    0.00    0.00    0.00    0.00    0.00    0.00    0.00    0.00    0.00    0.00    0.00    0.00    0.00    0.00    0.00    0.00 ]
 NOCU => [   19.00 ]
 >>> Aggregated List /Users/emad/Documents/MSED_Workspace/proguard-code/src/proguard/classfile/util
 NORM => [    0.00    0.00    0.00   20.00 ]
 CLOC => [ 3546.00  905.00  177.30   20.00 ]
  NOF => [  168.00   66.00    8.40   20.00 ]
  PAR => [ 1021.00   11.00    2.57  397.00 ]
 FOUT => [  965.00   37.00    2.43  397.00 ]
 MLOC => [ 1479.00   84.00    3.73  397.00 ]
  NSM => [   63.00   55.00    3.15   20.00 ]
  NBD => [  542.00    7.00    1.37  397.00 ]
  NOM => [  383.00  161.00   19.15   20.00 ]
  WMC => [  757.00  194.00   37.85   20.00 ]
  NSF => [   32.00    9.00    1.60   20.00 ]
   VG => [  757.00   26.00    1.91  397.00 ]

 >>> Metrics List /Users/emad/Documents/MSED_Workspace/proguard-code/src/proguard/classfile/visitor
 TLOC => [   18.00   21.00   23.00   21.00   32.00   44.00  159.00   25.00   23.00   47.00   60.00   22.00   15.00   47.00  550.00   43.00   40.00   14.00   46.00   43.00   29.00   45.00   34.00   22.00   32.00   30.00   35.00   31.00   34.00   34.00   36.00   35.00   36.00   25.00   31.00   61.00   49.00   25.00   29.00   59.00   28.00   59.00   41.00   17.00   33.00   61.00   38.00   43.00   53.00   19.00   26.00   26.00   34.00   25.00   31.00  111.00   31.00   61.00   61.00   46.00   26.00   34.00   44.00 ]
  ACD => [    0.00    0.00    0.00    0.00    0.00    0.00    0.00    0.00    0.00    0.00    0.00    0.00    0.00    0.00    0.00    0.00    0.00    0.00    0.00    0.00    0.00    0.00    0.00    0.00    0.00    0.00    0.00    0.00    0.00    0.00    0.00    0.00    0.00    0.00    0.00    0.00    0.00    0.00    0.00    0.00    0.00    0.00    0.00    0.00    0.00    0.00    0.00    0.00    0.00    0.00    0.00    0.00    0.00    0.00    0.00    0.00    0.00    0.00    0.00    0.00    0.00    0.00    0.00 ]
  NOT => [    1.00    1.00    1.00    1.00    1.00    1.00    1.00    1.00    1.00    1.00    1.00    1.00    0.00    1.00    1.00    1.00    1.00    0.00    1.00    1.00    1.00    1.00    1.00    1.00    1.00    1.00    1.00    1.00    1.00    1.00    1.00    1.00    1.00    1.00    1.00    1.00    1.00    1.00    1.00    1.00    1.00    1.00    1.00    0.00    1.00    1.00    1.00    1.00    1.00    1.00    1.00    1.00    0.00    1.00    1.00    1.00    1.00    1.00    1.00    1.00    1.00    1.00    1.00 ]
  NOI => [    0.00    0.00    0.00    0.00    0.00    0.00    0.00    0.00    0.00    0.00    0.00    0.00    1.00    0.00    0.00    0.00    0.00    1.00    0.00    0.00    0.00    0.00    0.00    0.00    0.00    0.00    0.00    0.00    0.00    0.00    0.00    0.00    0.00    0.00    0.00    0.00    0.00    0.00    0.00    0.00    0.00    0.00    0.00    1.00    0.00    0.00    0.00    0.00    0.00    0.00    0.00    0.00    1.00    0.00    0.00    0.00    0.00    0.00    0.00    0.00    0.00    0.00    0.00 ]
 NOCU => [   63.00 ]
 >>> Aggregated List /Users/emad/Documents/MSED_Workspace/proguard-code/src/proguard/classfile/visitor
 NORM => [    0.00    0.00    0.00   63.00 ]
 CLOC => [ 2741.00  534.00   43.51   63.00 ]
  NOF => [  113.00    6.00    1.79   63.00 ]
  PAR => [  847.00    8.00    2.17  390.00 ]
 FOUT => [  821.00   50.00    2.11  390.00 ]
 MLOC => [  879.00   36.00    2.25  390.00 ]
  NSM => [    0.00    0.00    0.00   63.00 ]
  NBD => [  470.00    4.00    1.21  390.00 ]
  NOM => [  321.00   96.00    5.10   63.00 ]
  WMC => [  533.00  135.00    8.46   63.00 ]
  NSF => [    5.00    1.00    0.08   63.00 ]
   VG => [  533.00   13.00    1.37  390.00 ]

 >>> Metrics List /Users/emad/Documents/MSED_Workspace/proguard-code/src/proguard/evaluation
 TLOC => [   62.00  215.00   28.00   20.00   52.00   27.00  641.00  356.00  235.00  107.00  191.00 ]
  ACD => [    0.00    0.00    0.00    0.00    0.00    0.00    0.00    0.00    0.00    0.00    0.00 ]
  NOT => [    1.00    1.00    0.00    1.00    1.00    0.00    1.00    1.00    1.00    1.00    1.00 ]
  NOI => [    0.00    0.00    1.00    0.00    0.00    1.00    0.00    0.00    0.00    0.00    0.00 ]
 NOCU => [   11.00 ]
 >>> Aggregated List /Users/emad/Documents/MSED_Workspace/proguard-code/src/proguard/evaluation
 NORM => [    0.00    0.00    0.00   11.00 ]
 CLOC => [ 1887.00  635.00  171.55   11.00 ]
  NOF => [   30.00    8.00    2.73   11.00 ]
  PAR => [  203.00    6.00    1.39  146.00 ]
 FOUT => [  718.00  301.00    4.92  146.00 ]
 MLOC => [ 1117.00  372.00    7.65  146.00 ]
  NSM => [    0.00    0.00    0.00   11.00 ]
  NBD => [  200.00    5.00    1.37  146.00 ]
  NOM => [  134.00   31.00   12.18   11.00 ]
  WMC => [  256.00   60.00   23.27   11.00 ]
  NSF => [    3.00    1.00    0.27   11.00 ]
   VG => [  256.00    9.00    1.75  146.00 ]

 >>> Metrics List /Users/emad/Documents/MSED_Workspace/proguard-code/src/proguard/evaluation/value
 TLOC => [   47.00   15.00   15.00   28.00   38.00   36.00   42.00   42.00   26.00   26.00   28.00   26.00   26.00   26.00   26.00  115.00   15.00  264.00  263.00   43.00   29.00   28.00   28.00   28.00   43.00   33.00   46.00  174.00  800.00  420.00   30.00   28.00   28.00   28.00  105.00  103.00  199.00  136.00   58.00  192.00   91.00   91.00  184.00  127.00   36.00  278.00   61.00   60.00  111.00   78.00  116.00  115.00 ]
  ACD => [    0.00    0.00    0.00    0.00    0.00    0.00    0.00    0.00    0.00    0.00    0.00    0.00    0.00    0.00    0.00    0.00    0.00    0.00    0.00    0.00    0.00    0.00    0.00    0.00    0.00    0.00    0.00    0.00    0.00    0.00    0.00    0.00    0.00    0.00    0.00    0.00    0.00    0.00    0.00    0.00    0.00    0.00    0.00    0.00    0.00    0.00    0.00    0.00    0.00    0.00    0.00    0.00 ]
  NOT => [    1.00    1.00    1.00    1.00    1.00    1.00    1.00    1.00    1.00    1.00    1.00    1.00    1.00    1.00    1.00    1.00    1.00    1.00    1.00    1.00    1.00    1.00    1.00    1.00    1.00    1.00    1.00    1.00    1.00    1.00    1.00    1.00    1.00    1.00    1.00    1.00    1.00    1.00    1.00    1.00    1.00    1.00    1.00    1.00    1.00    1.00    1.00    1.00    1.00    1.00    1.00    1.00 ]
  NOI => [    0.00    0.00    0.00    0.00    0.00    0.00    0.00    0.00    0.00    0.00    0.00    0.00    0.00    0.00    0.00    0.00    0.00    0.00    0.00    0.00    0.00    0.00    0.00    0.00    0.00    0.00    0.00    0.00    0.00    0.00    0.00    0.00    0.00    0.00    0.00    0.00    0.00    0.00    0.00    0.00    0.00    0.00    0.00    0.00    0.00    0.00    0.00    0.00    0.00    0.00    0.00    0.00 ]
 NOCU => [   52.00 ]
 >>> Aggregated List /Users/emad/Documents/MSED_Workspace/proguard-code/src/proguard/evaluation/value
 NORM => [    0.00    0.00    0.00   52.00 ]
 CLOC => [ 4957.00  798.00   95.33   52.00 ]
  NOF => [  121.00   16.00    2.33   52.00 ]
  PAR => [  745.00    5.00    0.81  917.00 ]
 FOUT => [  734.00   30.00    0.80  917.00 ]
 MLOC => [ 1207.00   53.00    1.32  917.00 ]
  NSM => [    1.00    1.00    0.02   52.00 ]
  NBD => [  885.00    5.00    0.97  917.00 ]
  NOM => [  884.00  120.00   17.00   52.00 ]
  WMC => [ 1039.00  109.00   19.98   52.00 ]
  NSF => [   68.00   16.00    1.31   52.00 ]
   VG => [ 1039.00   25.00    1.13  917.00 ]

 >>> Metrics List /Users/emad/Documents/MSED_Workspace/proguard-code/src/proguard/gradle
 TLOC => [  820.00 ]
  ACD => [    0.00 ]
  NOT => [    1.00 ]
  NOI => [    0.00 ]
 NOCU => [    1.00 ]
 >>> Aggregated List /Users/emad/Documents/MSED_Workspace/proguard-code/src/proguard/gradle
 NORM => [    0.00    0.00    0.00    1.00 ]
 CLOC => [  808.00  808.00  808.00    1.00 ]
  NOF => [   10.00   10.00   10.00    1.00 ]
  PAR => [  121.00    5.00    0.79  154.00 ]
 FOUT => [  283.00   28.00    1.84  154.00 ]
 MLOC => [  364.00   28.00    2.36  154.00 ]
  NSM => [    0.00    0.00    0.00    1.00 ]
  NBD => [  182.00    5.00    1.18  154.00 ]
  NOM => [  154.00  154.00  154.00    1.00 ]
  WMC => [  234.00  234.00  234.00    1.00 ]
  NSF => [    0.00    0.00    0.00    1.00 ]
   VG => [  234.00   23.00    1.52  154.00 ]

 >>> Metrics List /Users/emad/Documents/MSED_Workspace/proguard-code/src/proguard/gui
 TLOC => [  265.00  358.00  130.00   38.00  108.00  247.00   27.00   37.00  180.00  328.00  172.00   38.00  159.00 1096.00   72.00   58.00   44.00  146.00   31.00   31.00 ]
  ACD => [    3.00    3.00    2.00    0.00    0.00    2.00    0.00    0.00    5.00    3.00    3.00    0.00    4.00    5.00    0.00    0.00    0.00    2.00    0.00    0.00 ]
  NOT => [    2.00    1.00    2.00    1.00    1.00    1.00    1.00    1.00    1.00    1.00    3.00    1.00    1.00    7.00    1.00    1.00    1.00    1.00    1.00    1.00 ]
  NOI => [    0.00    0.00    0.00    0.00    0.00    0.00    0.00    0.00    0.00    0.00    0.00    0.00    0.00    0.00    0.00    0.00    0.00    0.00    0.00    0.00 ]
 NOCU => [   20.00 ]
 >>> Aggregated List /Users/emad/Documents/MSED_Workspace/proguard-code/src/proguard/gui
 NORM => [    0.00    0.00    0.00   30.00 ]
 CLOC => [ 3673.00 1083.00  122.43   30.00 ]
  NOF => [  209.00   95.00    6.97   30.00 ]
  PAR => [  228.00    7.00    1.13  201.00 ]
 FOUT => [ 1888.00  357.00    9.39  201.00 ]
 MLOC => [ 2337.00  298.00   11.63  201.00 ]
  NSM => [   24.00    3.00    0.80   30.00 ]
  NBD => [  316.00    5.00    1.57  201.00 ]
  NOM => [  181.00   32.00    6.03   30.00 ]
  WMC => [  566.00  144.00   18.87   30.00 ]
  NSF => [   29.00   11.00    0.97   30.00 ]
   VG => [  566.00   40.00    2.82  201.00 ]

 >>> Metrics List /Users/emad/Documents/MSED_Workspace/proguard-code/src/proguard/gui/splash
 TLOC => [   81.00   38.00   45.00   27.00   24.00   21.00   20.00   17.00   20.00   20.00   26.00   27.00   39.00   34.00   26.00   26.00   23.00  376.00   67.00   24.00   66.00   24.00   30.00  127.00   19.00   46.00   41.00   13.00   38.00   14.00   15.00   14.00   13.00   31.00   13.00 ]
  ACD => [    0.00    0.00    0.00    0.00    0.00    0.00    0.00    0.00    0.00    0.00    0.00    0.00    0.00    0.00    0.00    0.00    0.00    0.00    0.00    0.00    0.00    0.00    0.00    1.00    0.00    0.00    0.00    0.00    0.00    0.00    0.00    0.00    0.00    0.00    0.00 ]
  NOT => [    1.00    1.00    1.00    1.00    1.00    1.00    1.00    1.00    1.00    1.00    1.00    1.00    1.00    1.00    1.00    1.00    1.00    1.00    1.00    1.00    1.00    1.00    1.00    3.00    0.00    1.00    1.00    0.00    1.00    0.00    0.00    0.00    0.00    1.00    0.00 ]
  NOI => [    0.00    0.00    0.00    0.00    0.00    0.00    0.00    0.00    0.00    0.00    0.00    0.00    0.00    0.00    0.00    0.00    0.00    0.00    0.00    0.00    0.00    0.00    0.00    0.00    1.00    0.00    0.00    1.00    0.00    1.00    1.00    1.00    1.00    0.00    1.00 ]
 NOCU => [   35.00 ]
 >>> Aggregated List /Users/emad/Documents/MSED_Workspace/proguard-code/src/proguard/gui/splash
 NORM => [    0.00    0.00    0.00   37.00 ]
 CLOC => [ 1451.00  367.00   39.22   37.00 ]
  NOF => [   98.00   10.00    2.65   37.00 ]
  PAR => [  355.00   11.00    2.16  164.00 ]
 FOUT => [  233.00   20.00    1.42  164.00 ]
 MLOC => [  408.00   22.00    2.49  164.00 ]
  NSM => [    1.00    1.00    0.03   37.00 ]
  NBD => [  183.00    4.00    1.12  164.00 ]
  NOM => [  130.00   90.00    3.51   37.00 ]
  WMC => [  203.00  106.00    5.49   37.00 ]
  NSF => [    0.00    0.00    0.00   37.00 ]
   VG => [  203.00    6.00    1.24  164.00 ]

 >>> Metrics List /Users/emad/Documents/MSED_Workspace/proguard-code/src/proguard/io
 TLOC => [   42.00   26.00   63.00   36.00   34.00   40.00  153.00   13.00   16.00   23.00   74.00   21.00   19.00   16.00   56.00   69.00   47.00   24.00   34.00   78.00   40.00   51.00   66.00   16.00   33.00  115.00  105.00   40.00   33.00   36.00   46.00 ]
  ACD => [    0.00    0.00    0.00    0.00    0.00    0.00    0.00    0.00    0.00    0.00    0.00    0.00    0.00    0.00    0.00    0.00    0.00    0.00    0.00    0.00    0.00    0.00    0.00    0.00    0.00    0.00    0.00    0.00    0.00    0.00    0.00 ]
  NOT => [    1.00    1.00    1.00    1.00    0.00    1.00    1.00    1.00    0.00    1.00    1.00    1.00    0.00    0.00    1.00    1.00    0.00    1.00    1.00    1.00    1.00    1.00    1.00    0.00    1.00    1.00    3.00    1.00    1.00    1.00    1.00 ]
  NOI => [    0.00    0.00    0.00    0.00    1.00    0.00    0.00    0.00    1.00    0.00    0.00    0.00    1.00    1.00    0.00    0.00    1.00    0.00    0.00    0.00    0.00    0.00    0.00    1.00    0.00    0.00    0.00    0.00    0.00    0.00    0.00 ]
 NOCU => [   31.00 ]
 >>> Aggregated List /Users/emad/Documents/MSED_Workspace/proguard-code/src/proguard/io
 NORM => [    0.00    0.00    0.00   33.00 ]
 CLOC => [ 1459.00  150.00   44.21   33.00 ]
  NOF => [   57.00    8.00    1.73   33.00 ]
  PAR => [  136.00    5.00    1.16  117.00 ]
 FOUT => [  223.00   17.00    1.91  117.00 ]
 MLOC => [  533.00   95.00    4.56  117.00 ]
  NSM => [    1.00    1.00    0.03   33.00 ]
  NBD => [  166.00    8.00    1.42  117.00 ]
  NOM => [   82.00    7.00    2.48   33.00 ]
  WMC => [  223.00   30.00    6.76   33.00 ]
  NSF => [    2.00    1.00    0.06   33.00 ]
   VG => [  223.00   21.00    1.91  117.00 ]

 >>> Metrics List /Users/emad/Documents/MSED_Workspace/proguard-code/src/proguard/obfuscate
 TLOC => [   50.00   33.00  276.00   49.00   95.00   24.00   74.00  160.00   54.00  112.00   26.00   48.00   79.00   63.00  129.00   53.00   36.00   13.00   26.00   76.00   17.00  132.00   59.00   81.00   38.00   38.00 ]
  ACD => [    0.00    0.00    0.00    0.00    0.00    0.00    0.00    0.00    0.00    0.00    0.00    0.00    0.00    0.00    0.00    0.00    0.00    0.00    0.00    0.00    0.00    0.00    0.00    0.00    0.00    0.00 ]
  NOT => [    1.00    1.00    2.00    1.00    1.00    1.00    1.00    1.00    0.00    1.00    1.00    1.00    1.00    1.00    2.00    1.00    1.00    0.00    1.00    1.00    1.00    1.00    1.00    1.00    1.00    1.00 ]
  NOI => [    0.00    0.00    0.00    0.00    0.00    0.00    0.00    0.00    1.00    0.00    0.00    0.00    0.00    0.00    0.00    0.00    0.00    1.00    0.00    0.00    0.00    0.00    0.00    0.00    0.00    0.00 ]
 NOCU => [   26.00 ]
 >>> Aggregated List /Users/emad/Documents/MSED_Workspace/proguard-code/src/proguard/obfuscate
 NORM => [    0.00    0.00    0.00   28.00 ]
 CLOC => [ 1774.00  266.00   63.36   28.00 ]
  NOF => [   51.00   14.00    1.82   28.00 ]
  PAR => [  282.00   10.00    1.89  149.00 ]
 FOUT => [  463.00   48.00    3.11  149.00 ]
 MLOC => [  761.00   99.00    5.11  149.00 ]
  NSM => [   16.00    5.00    0.57   28.00 ]
  NBD => [  238.00    6.00    1.60  149.00 ]
  NOM => [  127.00   17.00    4.54   28.00 ]
  WMC => [  342.00   51.00   12.21   28.00 ]
  NSF => [    6.00    3.00    0.21   28.00 ]
   VG => [  342.00   24.00    2.30  149.00 ]

 >>> Metrics List /Users/emad/Documents/MSED_Workspace/proguard-code/src/proguard/optimize
 TLOC => [   47.00  168.00   38.00   36.00   95.00   79.00   42.00   33.00   43.00   74.00  174.00   45.00   45.00  410.00   74.00  181.00   30.00 ]
  ACD => [    0.00    0.00    0.00    0.00    0.00    0.00    0.00    0.00    0.00    0.00    0.00    0.00    0.00    0.00    0.00    0.00    0.00 ]
  NOT => [    1.00    1.00    1.00    1.00    1.00    1.00    1.00    1.00    1.00    1.00    1.00    1.00    1.00    1.00    1.00    2.00    1.00 ]
  NOI => [    0.00    0.00    0.00    0.00    0.00    0.00    0.00    0.00    0.00    0.00    0.00    0.00    0.00    0.00    0.00    0.00    0.00 ]
 NOCU => [   17.00 ]
 >>> Aggregated List /Users/emad/Documents/MSED_Workspace/proguard-code/src/proguard/optimize
 NORM => [    0.00    0.00    0.00   18.00 ]
 CLOC => [ 1505.00  393.00   83.61   18.00 ]
  NOF => [   63.00   31.00    3.50   18.00 ]
  PAR => [  278.00    5.00    2.19  127.00 ]
 FOUT => [  535.00  225.00    4.21  127.00 ]
 MLOC => [  858.00  329.00    6.76  127.00 ]
  NSM => [    2.00    2.00    0.11   18.00 ]
  NBD => [  201.00    8.00    1.58  127.00 ]
  NOM => [  105.00   43.00    5.83   18.00 ]
  WMC => [  344.00   85.00   19.11   18.00 ]
  NSF => [   38.00   30.00    2.11   18.00 ]
   VG => [  344.00   77.00    2.71  127.00 ]

 >>> Metrics List /Users/emad/Documents/MSED_Workspace/proguard-code/src/proguard/optimize/evaluation
 TLOC => [ 1151.00  739.00  297.00   80.00  675.00   38.00   28.00   61.00  349.00  416.00  428.00  105.00   22.00  186.00 ]
  ACD => [    0.00    0.00    0.00    0.00    0.00    0.00    0.00    0.00    0.00    0.00    0.00    0.00    0.00    0.00 ]
  NOT => [    5.00    1.00    1.00    1.00    2.00    1.00    1.00    1.00    1.00    1.00    1.00    1.00    1.00    1.00 ]
  NOI => [    0.00    0.00    0.00    0.00    0.00    0.00    0.00    0.00    0.00    0.00    0.00    0.00    0.00    0.00 ]
 NOCU => [   14.00 ]
 >>> Aggregated List /Users/emad/Documents/MSED_Workspace/proguard-code/src/proguard/optimize/evaluation
 NORM => [    0.00    0.00    0.00   19.00 ]
 CLOC => [ 4842.00 1136.00  254.84   19.00 ]
  NOF => [  150.00   48.00    7.89   19.00 ]
  PAR => [  775.00    8.00    2.75  282.00 ]
 FOUT => [ 1501.00   89.00    5.32  282.00 ]
 MLOC => [ 2761.00  141.00    9.79  282.00 ]
  NSM => [    9.00    8.00    0.47   19.00 ]
  NBD => [  606.00    9.00    2.15  282.00 ]
  NOM => [  261.00   39.00   13.74   19.00 ]
  WMC => [ 1127.00  207.00   59.32   19.00 ]
  NSF => [   69.00   34.00    3.63   19.00 ]
   VG => [ 1127.00   57.00    4.00  282.00 ]

 >>> Metrics List /Users/emad/Documents/MSED_Workspace/proguard-code/src/proguard/optimize/info
 TLOC => [  101.00   45.00   30.00   27.00   28.00   90.00   19.00   27.00   45.00   38.00  102.00   88.00   27.00   43.00   26.00   43.00   25.00   50.00  168.00   74.00   39.00   35.00   58.00  148.00   82.00  203.00   37.00   74.00   27.00   35.00   26.00   27.00   42.00   43.00 ]
  ACD => [    0.00    0.00    0.00    0.00    0.00    0.00    0.00    0.00    0.00    0.00    0.00    0.00    0.00    0.00    0.00    0.00    0.00    0.00    0.00    0.00    0.00    0.00    0.00    0.00    0.00    0.00    0.00    0.00    0.00    0.00    0.00    0.00    0.00    0.00 ]
  NOT => [    1.00    1.00    1.00    1.00    1.00    1.00    1.00    1.00    1.00    1.00    1.00    1.00    1.00    1.00    1.00    1.00    1.00    1.00    1.00    1.00    1.00    1.00    1.00    1.00    1.00    1.00    1.00    1.00    1.00    1.00    1.00    1.00    1.00    1.00 ]
  NOI => [    0.00    0.00    0.00    0.00    0.00    0.00    0.00    0.00    0.00    0.00    0.00    0.00    0.00    0.00    0.00    0.00    0.00    0.00    0.00    0.00    0.00    0.00    0.00    0.00    0.00    0.00    0.00    0.00    0.00    0.00    0.00    0.00    0.00    0.00 ]
 NOCU => [   34.00 ]
 >>> Aggregated List /Users/emad/Documents/MSED_Workspace/proguard-code/src/proguard/optimize/info
 NORM => [    0.00    0.00    0.00   34.00 ]
 CLOC => [ 1775.00  193.00   52.21   34.00 ]
  NOF => [   63.00   15.00    1.85   34.00 ]
  PAR => [  446.00    5.00    1.65  270.00 ]
 FOUT => [  322.00   21.00    1.19  270.00 ]
 MLOC => [  743.00   45.00    2.75  270.00 ]
  NSM => [   55.00    6.00    1.62   34.00 ]
  NBD => [  362.00    5.00    1.34  270.00 ]
  NOM => [  256.00   36.00    7.53   34.00 ]
  WMC => [  451.00   55.00   13.26   34.00 ]
  NSF => [    6.00    3.00    0.18   34.00 ]
   VG => [  451.00   22.00    1.67  270.00 ]

 >>> Metrics List /Users/emad/Documents/MSED_Workspace/proguard-code/src/proguard/optimize/peephole
 TLOC => [  418.00   39.00  277.00  123.00   61.00   65.00   51.00  232.00  216.00   81.00  113.00   50.00   41.00  316.00   49.00   58.00  120.00   78.00  214.00   69.00   76.00   67.00   51.00 ]
  ACD => [    0.00    0.00    0.00    0.00    0.00    0.00    0.00    0.00    0.00    0.00    0.00    0.00    0.00    0.00    0.00    0.00    0.00    0.00    0.00    0.00    0.00    0.00    0.00 ]
  NOT => [    1.00    1.00    2.00    1.00    1.00    1.00    1.00    1.00    2.00    1.00    2.00    1.00    1.00    1.00    1.00    1.00    1.00    1.00    1.00    1.00    1.00    1.00    1.00 ]
  NOI => [    0.00    0.00    0.00    0.00    0.00    0.00    0.00    0.00    0.00    0.00    0.00    0.00    0.00    0.00    0.00    0.00    0.00    0.00    0.00    0.00    0.00    0.00    0.00 ]
 NOCU => [   23.00 ]
 >>> Aggregated List /Users/emad/Documents/MSED_Workspace/proguard-code/src/proguard/optimize/peephole
 NORM => [    0.00    0.00    0.00   26.00 ]
 CLOC => [ 2796.00  408.00  107.54   26.00 ]
  NOF => [  325.00  176.00   12.50   26.00 ]
  PAR => [  529.00    6.00    2.48  213.00 ]
 FOUT => [  683.00   97.00    3.21  213.00 ]
 MLOC => [ 1124.00   65.00    5.28  213.00 ]
  NSM => [    4.00    2.00    0.15   26.00 ]
  NBD => [  346.00    5.00    1.62  213.00 ]
  NOM => [  179.00   38.00    6.88   26.00 ]
  WMC => [  650.00  132.00   25.00   26.00 ]
  NSF => [  237.00  176.00    9.12   26.00 ]
   VG => [  650.00   93.00    3.05  213.00 ]

 >>> Metrics List /Users/emad/Documents/MSED_Workspace/proguard-code/src/proguard/preverify
 TLOC => [  292.00  180.00   31.00   33.00 ]
  ACD => [    0.00    0.00    0.00    0.00 ]
  NOT => [    1.00    1.00    1.00    1.00 ]
  NOI => [    0.00    0.00    0.00    0.00 ]
 NOCU => [    4.00 ]
 >>> Aggregated List /Users/emad/Documents/MSED_Workspace/proguard-code/src/proguard/preverify
 NORM => [    0.00    0.00    0.00    4.00 ]
 CLOC => [  503.00  279.00  125.75    4.00 ]
  NOF => [   13.00    6.00    3.25    4.00 ]
  PAR => [   70.00    7.00    3.04   23.00 ]
 FOUT => [  180.00   37.00    7.83   23.00 ]
 MLOC => [  348.00   58.00   15.13   23.00 ]
  NSM => [    0.00    0.00    0.00    4.00 ]
  NBD => [   60.00    5.00    2.61   23.00 ]
  NOM => [   20.00   10.00    5.00    4.00 ]
  WMC => [  118.00   74.00   29.50    4.00 ]
  NSF => [    2.00    1.00    0.50    4.00 ]
   VG => [  118.00   18.00    5.13   23.00 ]

 >>> Metrics List /Users/emad/Documents/MSED_Workspace/proguard-code/src/proguard/retrace
 TLOC => [   51.00  194.00  218.00  160.00 ]
  ACD => [    0.00    0.00    0.00    0.00 ]
  NOT => [    1.00    1.00    3.00    1.00 ]
  NOI => [    0.00    0.00    0.00    0.00 ]
 NOCU => [    4.00 ]
 >>> Aggregated List /Users/emad/Documents/MSED_Workspace/proguard-code/src/proguard/retrace
 NORM => [    0.00    0.00    0.00    6.00 ]
 CLOC => [  670.00  215.00  111.67    6.00 ]
  NOF => [   39.00   11.00    6.50    6.00 ]
  PAR => [   67.00   10.00    2.09   32.00 ]
 FOUT => [  180.00   37.00    5.63   32.00 ]
 MLOC => [  358.00   53.00   11.19   32.00 ]
  NSM => [    1.00    1.00    0.17    6.00 ]
  NBD => [   66.00    6.00    2.06   32.00 ]
  NOM => [   27.00   10.00    4.50    6.00 ]
  WMC => [  105.00   40.00   17.50    6.00 ]
  NSF => [   11.00    7.00    1.83    6.00 ]
   VG => [  105.00   15.00    3.28   32.00 ]

 >>> Metrics List /Users/emad/Documents/MSED_Workspace/proguard-code/src/proguard/shrink
 TLOC => [  160.00  265.00   83.00   71.00   85.00  117.00  112.00  104.00   70.00  467.00   95.00   37.00   47.00 ]
  ACD => [    0.00    0.00    0.00    0.00    0.00    0.00    0.00    0.00    0.00    0.00    0.00    0.00    0.00 ]
  NOT => [    1.00    2.00    1.00    1.00    1.00    1.00    2.00    1.00    1.00    6.00    1.00    1.00    1.00 ]
  NOI => [    0.00    0.00    0.00    0.00    0.00    0.00    0.00    0.00    0.00    0.00    0.00    0.00    0.00 ]
 NOCU => [   13.00 ]
 >>> Aggregated List /Users/emad/Documents/MSED_Workspace/proguard-code/src/proguard/shrink
 NORM => [    0.00    0.00    0.00   20.00 ]
 CLOC => [ 1777.00  454.00   88.85   20.00 ]
  NOF => [   49.00    7.00    2.45   20.00 ]
  PAR => [  439.00    5.00    2.12  207.00 ]
 FOUT => [  496.00   23.00    2.40  207.00 ]
 MLOC => [  763.00   44.00    3.69  207.00 ]
  NSM => [    0.00    0.00    0.00   20.00 ]
  NBD => [  305.00    5.00    1.47  207.00 ]
  NOM => [  189.00   64.00    9.45   20.00 ]
  WMC => [  354.00  103.00   17.70   20.00 ]
  NSF => [    3.00    2.00    0.15   20.00 ]
   VG => [  354.00   10.00    1.71  207.00 ]

 >>> Metrics List /Users/emad/Documents/MSED_Workspace/proguard-code/src/proguard/util
 TLOC => [   19.00  686.00   83.00   19.00   12.00   30.00   53.00   22.00   30.00   71.00   96.00   49.00   18.00   34.00   19.00   17.00   17.00   14.00   64.00 ]
  ACD => [    0.00    0.00    0.00    0.00    0.00    0.00    0.00    0.00    0.00    0.00    0.00    0.00    0.00    0.00    0.00    0.00    0.00    0.00    0.00 ]
  NOT => [    1.00    1.00    1.00    1.00    1.00    1.00    1.00    1.00    1.00    1.00    1.00    1.00    1.00    1.00    1.00    1.00    0.00    0.00    1.00 ]
  NOI => [    0.00    0.00    0.00    0.00    0.00    0.00    0.00    0.00    0.00    0.00    0.00    0.00    0.00    0.00    0.00    0.00    1.00    1.00    0.00 ]
 NOCU => [   19.00 ]
 >>> Aggregated List /Users/emad/Documents/MSED_Workspace/proguard-code/src/proguard/util
 NORM => [    0.00    0.00    0.00   19.00 ]
 CLOC => [ 1328.00  683.00   69.89   19.00 ]
  NOF => [   19.00    5.00    1.00   19.00 ]
  PAR => [  183.00    5.00    2.06   89.00 ]
 FOUT => [  208.00   23.00    2.34   89.00 ]
 MLOC => [  469.00   28.00    5.27   89.00 ]
  NSM => [   56.00   43.00    2.95   19.00 ]
  NBD => [  155.00    4.00    1.74   89.00 ]
  NOM => [   78.00   43.00    4.11   19.00 ]
  WMC => [  214.00   96.00   11.26   19.00 ]
  NSF => [    1.00    1.00    0.05   19.00 ]
   VG => [  214.00   11.00    2.40   89.00 ]

